81415 100 3.640167 -54.028333
71805 100 46.766333 -56.179167
7434 100 45.861167 1.175000
7240 100 47.444500 0.727333
7005 100 50.136000 1.834000
7110 100 48.444167 -4.412000
7149 100 48.716833 2.384333
7630 100 43.621000 1.378833
61997 100 -46.432500 51.856667
7650 100 43.437667 5.216000
7460 100 45.786833 3.149333
7015 100 50.570000 3.097500
7481 100 45.726500 5.077833
81401 100 5.485500 -54.031667
7190 100 48.549500 7.640333
7027 100 49.180000 -0.456167
7335 100 46.593833 0.314333
7037 100 49.383000 1.181667
7130 100 48.068833 -1.734000
7510 100 44.830667 -0.691333
7607 100 43.909833 -0.500167
7535 100 44.745000 1.396667
81408 100 3.890667 -51.804667
7558 100 44.118500 3.019500
7280 100 47.267833 5.088333
7117 100 48.825833 -3.473167
81405 100 4.822333 -52.365333
7314 100 46.046833 -1.411500
7222 100 47.150000 -1.608833
7661 100 43.079333 5.940833
7621 100 43.188000 0.000000
7643 100 43.577000 3.963167
7471 100 45.074500 3.764000
7181 100 48.581000 5.959833
78897 100 16.264000 -61.516333
7139 100 48.445500 0.110167
7299 100 47.614333 7.510000
7627 100 43.005333 1.106833
61998 100 -49.352333 70.243333
61976 100 -15.887667 54.520667
7168 100 48.324667 4.020000
61972 100 -22.344167 40.340667
7020 100 49.725167 -1.939833
61996 100 -37.795167 77.569167
7207 100 47.294333 -3.218333
7591 100 44.565667 6.502333
7255 100 47.059167 2.359833
89642 100 -66.663167 140.001000
7747 100 42.737167 2.872833
7577 100 44.581167 4.733000
7072 100 49.209667 4.155333
7790 100 42.540667 9.485167
78894 100 17.901500 -62.852167
78890 100 16.335000 -61.004000
67005 100 -12.805500 45.282833
78925 100 14.595333 -60.995667
61968 100 -11.582667 47.289667
7761 100 41.918000 8.792667
61970 100 -17.054667 42.712000
7690 100 43.648833 7.209000
78922 100 14.774500 -60.875333
61980 97 -20.892500 55.528667
