50 7005 100767.130625 104000.000000 96100.000000
100 7015 101054.778878 104280.000000 96590.000000
150 7020 101480.809323 104780.000000 96330.000000
200 7027 100872.491129 104040.000000 95750.000000
250 7037 99850.046382 102920.000000 94950.000000
300 7072 100546.111314 103530.000000 96260.000000
350 7110 100532.891417 103610.000000 95240.000000
400 7117 100968.535621 104120.000000 95640.000000
450 7130 101241.000189 104250.000000 95580.000000
500 7139 99979.332382 102910.000000 94640.000000
550 7149 100619.928475 103560.000000 96010.000000
600 7168 100307.685295 103070.000000 96040.000000
650 7181 97642.982366 100290.000000 93580.000000
700 7190 99926.525614 102740.000000 95800.000000
750 7207 101224.942757 104110.000000 95290.000000
800 7222 101414.399667 104170.000000 95960.000000
850 7240 100388.293603 103050.000000 95710.000000
900 7255 99770.782637 102210.000000 95470.000000
950 7280 99056.063674 101540.000000 95100.000000
1000 7299 98506.779201 101170.000000 94570.000000
1050 7314 101511.310163 104060.000000 96840.000000
1100 7335 100323.006916 102730.000000 95820.000000
1150 7434 97011.686666 99230.000000 92950.000000
1200 7460 97885.229647 103610.000000 93950.000000
1250 7471 92154.607993 94100.000000 88550.000000
1300 7481 98901.248084 101210.000000 95170.000000
1350 7510 101212.958012 103690.000000 97000.000000
1400 7535 98694.924479 100960.000000 94960.000000
1450 7558 93462.487517 95510.000000 90030.000000
1500 7577 100813.413761 103030.000000 97320.000000
1550 7591 91596.577989 93540.000000 88160.000000
1600 7607 101119.650386 103560.000000 97290.000000
1650 7621 97539.646377 99840.000000 93670.000000
1700 7627 96962.109860 99290.000000 93100.000000
1750 7630 100016.313144 102440.000000 96210.000000
1800 7643 101578.695664 103780.000000 98150.000000
1850 7650 101211.996936 103440.000000 97740.000000
1900 7661 99939.204624 102060.000000 96470.000000
1950 7690 101200.105691 103610.000000 97650.000000
2000 7747 101174.306967 103460.000000 97430.000000
2050 7761 101463.409048 103770.000000 98330.000000
2100 7790 101391.781874 103820.000000 97800.000000
2150 61968 101286.337236 102170.000000 20990.000000
2200 61970 101299.418093 102360.000000 41070.000000
2250 61972 101477.974213 102840.000000 80640.000000
2300 61976 101050.363731 109510.000000 11290.000000
2350 61980 101486.042304 102700.000000 98550.000000
2400 61996 101610.323253 104030.000000 97990.000000
2450 61997 99102.106762 101940.000000 94180.000000
2500 61998 99885.968050 103460.000000 94180.000000
2550 67005 101244.666528 102130.000000 100040.000000
2600 71805 101259.443039 104930.000000 96540.000000
2650 78890 101177.334099 101810.000000 99720.000000
2700 78894 101061.082437 101700.000000 99980.000000
2750 78897 101428.754211 102080.000000 99770.000000
2800 78922 100934.565609 103070.000000 21160.000000
2850 78925 101380.851064 102000.000000 99870.000000
2900 81401 101128.967513 101850.000000 100370.000000
2950 81405 101126.808591 101780.000000 100410.000000
3000 81408 101099.584665 101810.000000 100380.000000
3050 81415 100016.894812 100690.000000 99250.000000
3100 89642 98118.663504 102280.000000 93330.000000
