7591 871.000000 44.565667 6.502333
7471 833.000000 45.074500 3.764000
7558 712.000000 44.118500 3.019500
7627 414.000000 43.005333 1.106833
7434 402.000000 45.861167 1.175000
7621 360.000000 43.188000 0.000000
7181 336.000000 48.581000 5.959833
7460 331.000000 45.786833 3.149333
7299 263.000000 47.614333 7.510000
7535 260.000000 44.745000 1.396667
7481 235.000000 45.726500 5.077833
7280 219.000000 47.267833 5.088333
7255 161.000000 47.059167 2.359833
7630 151.000000 43.621000 1.378833
7037 151.000000 49.383000 1.181667
7190 150.000000 48.549500 7.640333
61997 146.000000 -46.432500 51.856667
7139 143.000000 48.445500 0.110167
7335 123.000000 46.593833 0.314333
7661 115.000000 43.079333 5.940833
7168 112.000000 48.324667 4.020000
7240 108.000000 47.444500 0.727333
81415 106.000000 3.640167 -54.028333
7072 95.000000 49.209667 4.155333
7110 94.000000 48.444167 -4.412000
7149 89.000000 48.716833 2.384333
7577 73.000000 44.581167 4.733000
7005 69.000000 50.136000 1.834000
7027 67.000000 49.180000 -0.456167
7607 59.000000 43.909833 -0.500167
7117 55.000000 48.825833 -3.473167
7015 47.000000 50.570000 3.097500
7510 47.000000 44.830667 -0.691333
78894 44.000000 17.901500 -62.852167
89642 43.000000 -66.663167 140.001000
7747 42.000000 42.737167 2.872833
7130 36.000000 48.068833 -1.734000
7207 34.000000 47.294333 -3.218333
61998 29.000000 -49.352333 70.243333
78890 27.000000 16.335000 -61.004000
61996 27.000000 -37.795167 77.569167
7222 26.000000 47.150000 -1.608833
78922 26.000000 14.774500 -60.875333
71805 21.000000 46.766333 -56.179167
7314 11.000000 46.046833 -1.411500
78897 11.000000 16.264000 -61.516333
7790 10.000000 42.540667 9.485167
7650 9.000000 43.437667 5.216000
61970 9.000000 -17.054667 42.712000
61980 8.000000 -20.892500 55.528667
61976 7.000000 -15.887667 54.520667
67005 7.000000 -12.805500 45.282833
7020 6.000000 49.725167 -1.939833
61972 6.000000 -22.344167 40.340667
81408 6.000000 3.890667 -51.804667
81401 5.000000 5.485500 -54.031667
7761 5.000000 41.918000 8.792667
81405 4.000000 4.822333 -52.365333
78925 3.000000 14.595333 -60.995667
61968 3.000000 -11.582667 47.289667
7643 2.000000 43.577000 3.963167
7690 2.000000 43.648833 7.209000
