0 7005 11.191030 41.200000 -11.000000
50 7015 11.453399 41.400000 -12.300000
100 7020 12.353695 32.100000 -3.100000
150 7027 11.470701 39.500000 -8.700000
200 7037 11.075608 40.900000 -10.800000
250 7072 11.466575 40.900000 -11.900000
300 7110 11.767770 38.800000 -6.500000
350 7117 12.230499 35.200000 -4.300000
400 7130 12.270630 40.200000 -8.200000
450 7139 11.405824 39.300000 -13.300000
500 7149 12.364103 41.400000 -12.400000
550 7168 11.697806 41.300000 -14.500000
600 7181 10.878005 39.400000 -14.900000
650 7190 11.757929 38.800000 -17.300000
700 7207 13.299784 34.400000 -4.000000
750 7222 12.860899 41.800000 -8.300000
800 7240 12.551286 40.500000 -11.300000
850 7255 12.484699 40.800000 -10.800000
900 7280 11.736860 38.900000 -13.000000
950 7299 11.346498 38.400000 -19.700000
1000 7314 13.840072 36.300000 -5.400000
1050 7335 12.517216 39.700000 -12.700000
1100 7434 11.924900 38.000000 -12.500000
1150 7460 12.429574 40.600000 -16.600000
1200 7471 9.329540 37.200000 -20.100000
1250 7481 13.093648 38.900000 -12.100000
1300 7510 14.197383 40.400000 -8.700000
1350 7535 13.009764 39.900000 -13.800000
1400 7558 11.282440 36.400000 -13.400000
1450 7577 14.510839 39.600000 -7.500000
1500 7591 11.049680 38.100000 -17.100000
1550 7607 13.770742 40.600000 -11.000000
1600 7621 12.835304 38.600000 -10.500000
1650 7627 12.531519 37.900000 -13.600000
1700 7630 14.438844 39.700000 -12.300000
1750 7643 15.787185 42.000000 -7.100000
1800 7650 16.111295 39.100000 -8.800000
1850 7661 15.979654 35.700000 -2.300000
1900 7690 16.629139 36.500000 -1.200000
1950 7747 16.365240 41.900000 -5.800000
2000 7761 16.249948 38.600000 -3.700000
2050 7790 16.468231 35.200000 -1.200000
2100 61968 26.941657 60.000000 17.200000
2150 61970 27.162752 33.200000 19.600000
2200 61972 25.406325 35.300000 16.000000
2250 61976 26.724469 67.700000 5.900000
2300 61980 24.475665 33.600000 14.700000
2350 61996 14.420567 25.100000 3.700000
2400 61997 5.333895 21.310000 -4.800000
2450 61998 5.089287 21.200000 -7.800000
2500 67005 27.072938 33.400000 18.400000
2550 71805 6.322087 28.000000 -13.500000
2600 78890 27.323153 33.800000 21.000000
2650 78894 27.475397 34.400000 21.200000
2700 78897 26.313946 33.000000 16.100000
2750 78922 27.456220 67.700000 5.400000
2800 78925 26.937217 35.100000 17.400000
2850 81401 26.214443 37.500000 19.100000
2900 81405 26.444949 35.100000 18.900000
2950 81408 26.169872 59.700000 -25.900000
3000 81415 26.386201 51.600000 0.000000
3050 89642 -11.100288 7.300000 -34.400000
