50.136000 1.834000 -0.021753 0.021545
50.570000 3.097500 -0.065471 0.012557
49.725167 -1.939833 -0.019498 0.020812
49.180000 -0.456167 -0.073753 0.026906
49.383000 1.181667 -0.069364 0.015093
49.209667 4.155333 -0.011131 0.048915
48.444167 -4.412000 -0.042047 -0.009541
48.825833 -3.473167 -0.081903 0.021334
48.068833 -1.734000 -0.068914 0.051357
48.445500 0.110167 -0.088751 0.003570
48.716833 2.384333 -0.120245 0.027704
48.324667 4.020000 -0.037520 0.040388
48.581000 5.959833 -0.021662 0.016126
48.549500 7.640333 -0.098065 0.033639
47.294333 -3.218333 -0.225662 -0.135679
47.150000 -1.608833 -0.034259 -0.038765
47.444500 0.727333 -0.108342 0.015129
47.059167 2.359833 -0.035551 0.022425
47.267833 5.088333 -0.198648 0.067468
47.614333 7.510000 -0.098731 0.039673
46.046833 -1.411500 0.031002 0.039285
46.593833 0.314333 -0.085277 0.048592
45.861167 1.175000 -0.056003 0.001179
45.786833 3.149333 -0.137405 0.002150
45.074500 3.764000 -0.066416 0.017356
45.726500 5.077833 -0.147420 0.086394
44.830667 -0.691333 -0.072136 0.045391
44.745000 1.396667 -0.019611 0.037240
44.118500 3.019500 -0.225246 0.052994
44.581167 4.733000 -0.199444 0.012656
44.565667 6.502333 -0.232350 0.103987
43.909833 -0.500167 0.008558 -0.003334
43.188000 0.000000 -0.027841 0.020878
43.005333 1.106833 -0.027399 -0.006142
43.621000 1.378833 -0.067596 0.028148
43.577000 3.963167 -0.168788 -0.012549
43.437667 5.216000 -0.008490 -0.008130
43.079333 5.940833 -0.013259 -0.061244
43.648833 7.209000 -0.436340 -0.018482
42.737167 2.872833 -0.009299 0.069662
41.918000 8.792667 0.000066 0.060183
42.540667 9.485167 -0.067731 0.022205
-11.582667 47.289667 0.046569 0.058254
-17.054667 42.712000 -0.084589 -0.102618
-22.344167 40.340667 0.020568 -0.027961
-15.887667 54.520667 -0.048433 -0.024040
-20.892500 55.528667 -0.060174 -0.051560
-37.795167 77.569167 -0.161880 -0.082962
-46.432500 51.856667 -0.164349 -0.025744
-49.352333 70.243333 -0.240094 -0.106617
-12.805500 45.282833 0.008416 0.053222
46.766333 -56.179167 -0.084704 -0.067793
16.335000 -61.004000 0.291031 -0.012770
17.901500 -62.852167 -2.419007 -0.540014
16.264000 -61.516333 -0.006688 0.045742
14.774500 -60.875333 0.066992 -0.006989
14.595333 -60.995667 -0.074213 -0.027485
5.485500 -54.031667 0.031793 -0.012408
4.822333 -52.365333 0.054922 -0.006923
3.890667 -51.804667 -0.046625 0.006799
3.640167 -54.028333 -0.031510 -0.006113
-66.663167 140.001000 -0.240292 -0.000177
